<I>[ccid] ---> 6F 0F 00 00 00 00 27 00 00 00 B0 56 00 00 09 50 18 44 04 00 00 00 00 FF FF
Command "read_bin" success

authbox> <I>[ccid] <--- 80 02 00 00 00 00 27 00 00 00 61 FF
<I>[pcsc] apdu get length=5, lc/le=0/255
<I>[ccid] ---> 6F 05 00 00 00 00 28 00 00 00 B0 C0 00 00 FF
<I>[ccid] <--- 80 01 01 00 00 00 28 00 00 00 30 26 30 11 0C 0B 43 65 72 74 69 66 69 63 61 74 65 03 02 06 40 30 03 04 01 45 A1 0C 30 0A 30 08 04 06 3F 00 50 18 31 45 00 00 00 00 00 00 00 00 00 00 00 00 00 00 00 00 00 00 00 00 00 00 00 00 00 00 00 00 00 00 00
<I>[pcsc] apdu get length=15, lc/le=9/1
<I>[ccid] ---> 6F 0F 00 00 00 00 29 00 00 00 B0 56 00 00 09 50 18 44 04 00 00 00 FF 01 01
<I>[ccid] <--- 80 02 00 00 00 00 29 00 00 00 61 01
<I>[pcsc] apdu get length=5, lc/le=0/1
<I>[ccid] ---> 6F 05 00 00 00 00 2A 00 00 00 B0 C0 00 00 01
<I>[ccid] <--- 80 03 00 00 00 00 2A 00 00 00 00 90 00
